2.017895936965942383e+02 9.999998807907104492e+01 1.859664916992187500e-03
2.017895936965942383e+02 -1.000000000000000000e+02 1.859664916992187500e-03
-2.259713649749755859e+02 -9.999998807907104492e+01 1.859664916992187500e-03
-2.259713172912597656e+02 1.000000357627868652e+02 1.859664916992187500e-03
2.017896413803100586e+02 9.999994039535522461e+01 1.823627710342407227e+02
2.017895221710205078e+02 -1.000000596046447754e+02 1.823627710342407227e+02
-2.259714126586914062e+02 -9.999996423721313477e+01 1.823627710342407227e+02
-2.259713649749755859e+02 1.000000000000000000e+02 1.823627710342407227e+02
2.017896413803100586e+02 9.999994039535522461e+01 1.993164896965026855e+02
2.017895221710205078e+02 -1.000000596046447754e+02 1.993164896965026855e+02
-2.259713649749755859e+02 1.000000000000000000e+02 1.993164896965026855e+02
-2.259714126586914062e+02 -9.999996423721313477e+01 1.993164896965026855e+02
-2.519906044006347656e+02 -9.999995231628417969e+01 1.823627710342407227e+02
-2.519905567169189453e+02 1.000000119209289551e+02 1.823627710342407227e+02
-2.519906044006347656e+02 -9.999995231628417969e+01 1.993164896965026855e+02
-2.519905567169189453e+02 1.000000119209289551e+02 1.993164896965026855e+02
2.278088331222534180e+02 9.999992847442626953e+01 1.823627710342407227e+02
2.278087139129638672e+02 -1.000000715255737305e+02 1.823627710342407227e+02
2.278088331222534180e+02 9.999992847442626953e+01 1.993164896965026855e+02
2.278087139129638672e+02 -1.000000715255737305e+02 1.993164896965026855e+02
2.017895221710205078e+02 -1.231148838996887207e+02 1.823627710342407227e+02
-2.259714126586914062e+02 -1.231147885322570801e+02 1.823627710342407227e+02
2.017895221710205078e+02 -1.231148838996887207e+02 1.993164896965026855e+02
-2.259714126586914062e+02 -1.231147885322570801e+02 1.993164896965026855e+02
-2.519906044006347656e+02 -1.231147766113281250e+02 1.993164896965026855e+02
-2.519906044006347656e+02 -1.231147766113281250e+02 1.823627710342407227e+02
2.278087139129638672e+02 -1.231148958206176758e+02 1.823627710342407227e+02
2.278087139129638672e+02 -1.231148958206176758e+02 1.993164896965026855e+02
4.888629317283630371e+01 -1.000000000000000000e+02 1.859664916992187500e-03
-6.085240840911865234e+00 -1.000000000000000000e+02 1.859664916992187500e-03
-6.105676889419555664e+01 -1.000000000000000000e+02 1.859664916992187500e-03
-1.160283088684082031e+02 -1.000000000000000000e+02 1.859664916992187500e-03
-1.709998369216918945e+02 -1.000000000000000000e+02 1.859664916992187500e-03
4.888622760772705078e+01 -1.000000238418579102e+02 1.823627710342407227e+02
-6.085300445556640625e+00 -1.000000119209289551e+02 1.823627710342407227e+02
-6.105682849884033203e+01 -1.000000000000000000e+02 1.823627710342407227e+02
-1.160283565521240234e+02 -9.999998807907104492e+01 1.823627710342407227e+02
-1.709998846054077148e+02 -9.999997615814208984e+01 1.823627710342407227e+02
4.888631105422973633e+01 9.999996423721313477e+01 1.993164896965026855e+02
-6.085222959518432617e+00 9.999996423721313477e+01 1.993164896965026855e+02
-6.105675697326660156e+01 9.999997615814208984e+01 1.993164896965026855e+02
-1.160282969474792480e+02 9.999998807907104492e+01 1.993164896965026855e+02
-1.709998369216918945e+02 9.999998807907104492e+01 1.993164896965026855e+02
4.888622760772705078e+01 -1.000000238418579102e+02 1.993164896965026855e+02
-6.085300445556640625e+00 -1.000000119209289551e+02 1.993164896965026855e+02
-6.105682849884033203e+01 -1.000000000000000000e+02 1.993164896965026855e+02
-1.160283565521240234e+02 -9.999998807907104492e+01 1.993164896965026855e+02
-1.709998846054077148e+02 -9.999997615814208984e+01 1.993164896965026855e+02
4.888622760772705078e+01 -1.231148481369018555e+02 1.823627710342407227e+02
-6.085300445556640625e+00 -1.231148362159729004e+02 1.823627710342407227e+02
-6.105682849884033203e+01 -1.231148242950439453e+02 1.823627710342407227e+02
-1.160283565521240234e+02 -1.231148123741149902e+02 1.823627710342407227e+02
-1.709998846054077148e+02 -1.231148004531860352e+02 1.823627710342407227e+02
4.888622760772705078e+01 -1.231148481369018555e+02 1.993164896965026855e+02
-6.085300445556640625e+00 -1.231148362159729004e+02 1.993164896965026855e+02
-6.105682849884033203e+01 -1.231148242950439453e+02 1.993164896965026855e+02
-1.160283565521240234e+02 -1.231148123741149902e+02 1.993164896965026855e+02
-1.709998846054077148e+02 -1.231148004531860352e+02 1.993164896965026855e+02
-2.772336959838867188e+02 1.863825321197509766e+00 1.986776113510131836e+02
-2.744868278503417969e+02 6.242665648460388184e+00 2.999927997589111328e+02
-2.914695024490356445e+02 6.402064561843872070e+01 1.986776113510131836e+02
-2.870906591415405273e+02 6.127380132675170898e+01 2.999927997589111328e+02
-2.042193412780761719e+02 1.858634352684020996e+01 1.986776113510131836e+02
-2.042193412780761719e+02 1.858634352684020996e+01 2.999927997589111328e+02
-2.184551239013671875e+02 8.074315786361694336e+01 1.986776113510131836e+02
-2.184551239013671875e+02 8.074315786361694336e+01 2.999927997589111328e+02
-2.217002153396606445e+02 7.999993562698364258e+01 1.986776113510131836e+02
-2.244470596313476562e+02 7.562109231948852539e+01 2.999927997589111328e+02
-2.074644088745117188e+02 1.784312129020690918e+01 1.986776113510131836e+02
-2.118432521820068359e+02 2.058996111154556274e+01 2.999927997589111328e+02
-1.986811399459838867e+02 8.532658815383911133e+01 3.482933282852172852e+02
-1.959591627120971680e+02 8.598408699035644531e+01 3.464929342269897461e+02
-1.814031362533569336e+02 2.390504479408264160e+01 3.458286285400390625e+02
-1.841251373291015625e+02 2.324753701686859131e+01 3.476290225982666016e+02
-2.772336959838867188e+02 1.863825321197509766e+00 2.999927997589111328e+02
-2.914695024490356445e+02 6.402064561843872070e+01 2.999927997589111328e+02
-2.074644088745117188e+02 1.784312129020690918e+01 2.999927997589111328e+02
-2.217002153396606445e+02 7.999993562698364258e+01 2.999927997589111328e+02
-2.744868278503417969e+02 6.242665648460388184e+00 2.236947536468505859e+02
-2.870906591415405273e+02 6.127380132675170898e+01 2.236947536468505859e+02
-2.118432521820068359e+02 2.058996111154556274e+01 2.236947536468505859e+02
-2.244470596313476562e+02 7.562109231948852539e+01 2.236947536468505859e+02
