1.711721191406250000e+03 9.446297607421875000e+02
1.580575073242187500e+03 9.721750488281250000e+02
8.655007934570312500e+02 9.300117797851562500e+02
1.064548950195312500e+03 9.150070800781250000e+02
1.681356689453125000e+03 6.030642700195312500e+02
1.550518310546875000e+03 5.562399291992187500e+02
8.705922241210937500e+02 6.281959838867187500e+02
1.062447387695312500e+03 6.543615112304687500e+02
1.678664916992187500e+03 5.727850341796875000e+02
1.547881469726562500e+03 5.197497558593750000e+02
1.062258911132812500e+03 6.309929199218750000e+02
8.710460815429687500e+02 6.012913818359375000e+02
8.409119262695312500e+02 6.313370361328125000e+02
1.034018066406250000e+03 6.567178344726562500e+02
8.414606323242187500e+02 6.048557128906250000e+02
1.033917236328125000e+03 6.336693115234375000e+02
1.731438720703125000e+03 5.989133300781250000e+02
1.608522705078125000e+03 5.501013183593750000e+02
1.728494506835937500e+03 5.680795898437500000e+02
1.605541015625000000e+03 5.128032226562500000e+02
1.531703125000000000e+03 5.495063476562500000e+02
8.444946289062500000e+02 6.246367797851562500e+02
1.529092285156250000e+03 5.121303710937500000e+02
8.450498657226562500e+02 5.972533569335937500e+02
8.153597412109375000e+02 6.009479980468750000e+02
8.147092895507812500e+02 6.278930664062500000e+02
1.590764648437500000e+03 5.430493164062500000e+02
1.587795410156250000e+03 5.048252868652343750e+02
1.268612548828125000e+03 9.537806396484375000e+02
1.174369384765625000e+03 9.482237548828125000e+02
1.087764648437500000e+03 9.431172485351562500e+02
1.007905700683593750e+03 9.384085083007812500e+02
9.340341796875000000e+02 9.340527954101562500e+02
1.256340209960937500e+03 5.873725585937500000e+02
1.166728637695312500e+03 5.968560791015625000e+02
1.084073486328125000e+03 6.056033935546875000e+02
1.007595275878906250e+03 6.136970214843750000e+02
9.366264038085937500e+02 6.212076416015625000e+02
1.419463500976562500e+03 5.972617187500000000e+02
1.338284545898437500e+03 6.049275512695312500e+02
1.262455810546875000e+03 6.120881347656250000e+02
1.191465576171875000e+03 6.187918090820312500e+02
1.124864990234375000e+03 6.250809936523437500e+02
1.255256225585937500e+03 5.550037841796875000e+02
1.166052246093750000e+03 5.657506103515625000e+02
1.083746215820312500e+03 5.756663818359375000e+02
1.007567626953125000e+03 5.848439331054687500e+02
9.368571166992187500e+02 5.933628540039062500e+02
1.233222900390625000e+03 5.821382446289062500e+02
1.142650634765625000e+03 5.920402832031250000e+02
1.059253784179687500e+03 6.011577758789062500e+02
9.822122192382812500e+02 6.095805053710937500e+02
9.108261108398437500e+02 6.173849487304687500e+02
1.232214721679687500e+03 5.490741577148437500e+02
1.142059814453125000e+03 5.602930908203125000e+02
1.059018676757812500e+03 5.706268310546875000e+02
9.822814331054687500e+02 5.801760864257812500e+02
9.111564941406250000e+02 5.890269775390625000e+02
9.189611816406250000e+02 6.243500366210937500e+02
9.274559326171875000e+02 4.829078369140625000e+02
9.612879028320312500e+02 6.340435791015625000e+02
9.640599365234375000e+02 4.974231262207031250e+02
1.015822265625000000e+03 6.182886962890625000e+02
1.015526062011718750e+03 4.721953125000000000e+02
1.054499511718750000e+03 6.285697631835937500e+02
1.053518432617187500e+03 4.895191650390625000e+02
1.050241699218750000e+03 6.288197631835937500e+02
1.042666870117187500e+03 4.894614868164062500e+02
1.011391418457031250e+03 6.185659790039062500e+02
1.008726379394531250e+03 4.742091979980468750e+02
1.078582275390625000e+03 4.219287109375000000e+02
1.082173828125000000e+03 4.239169311523437500e+02
1.046099609375000000e+03 4.040461730957031250e+02
1.042371948242187500e+03 4.019824829101562500e+02
9.204631958007812500e+02 4.824076843261718750e+02
9.619733276367187500e+02 4.987590942382812500e+02
1.011179931640625000e+03 4.726622009277343750e+02
1.049338745117187500e+03 4.899410705566406250e+02
9.264302368164062500e+02 5.891549682617187500e+02
9.635720825195312500e+02 5.992607421875000000e+02
1.008848815917968750e+03 5.830941772460937500e+02
1.043252685546875000e+03 5.937203369140625000e+02
